beta2    beta3    others
 0.00    -0.30     0.00
 0.00    -0.20     0.00
 0.00    -0.10     0.00
 0.00     0.00     0.00
 0.00    +0.10     0.00
 0.00    +0.20     0.00
 0.00    +0.30     0.00
 0.20    -0.30     0.00
 0.20    -0.20     0.00
 0.20    -0.10     0.00
 0.20     0.00     0.00
 0.20    +0.10     0.00
 0.20    +0.20     0.00
 0.20    +0.30     0.00
 0.30    -0.30     0.00
 0.30    -0.20     0.00
 0.30    -0.10     0.00
 0.30     0.00     0.00
 0.30    +0.10     0.00
 0.30    +0.20     0.00
 0.30    +0.30     0.00