 ----- matrix HH(iq2,iq1) ---- for J=           0
   -29.23810   -27.97309   -24.52741   -20.06841   -15.76058   -12.03536
   -27.97309   -26.80968   -23.62343   -19.50201   -15.54550   -12.08404
   -24.52741   -23.62343   -21.14803   -17.99700   -15.01345   -12.32660
   -20.06841   -19.50201   -17.99700   -16.18542   -14.58857   -13.10851
   -15.76058   -15.54550   -15.01345   -14.58857   -14.54057   -14.54675
   -12.03536   -12.08404   -12.32660   -13.10851   -14.54675   -16.13107
 ----- matrix NN(iq2,iq1) ---- for J=           0
     0.19107     0.18242     0.15895     0.12904     0.10088     0.07613
     0.18242     0.17449     0.15292     0.12542     0.09948     0.07651
     0.15895     0.15292     0.13650     0.11564     0.09603     0.07826
     0.12904     0.12542     0.11564     0.10377     0.09330     0.08351
     0.10088     0.09948     0.09603     0.09330     0.09301     0.09301
     0.07613     0.07651     0.07826     0.08351     0.09301     0.10336
 ----- matrix HH(iq2,iq1) ---- for J=           1
     0.00000     0.00000     0.00000     0.00000     0.00000     0.00000
     0.00000     0.00000     0.00000     0.00000     0.00000     0.00000
     0.00000     0.00000     0.00000     0.00000     0.00000     0.00000
     0.00000     0.00000     0.00000     0.00000     0.00000     0.00000
     0.00000     0.00000     0.00000     0.00000     0.00000     0.00000
     0.00000     0.00000     0.00000     0.00000     0.00000     0.00000
 ----- matrix NN(iq2,iq1) ---- for J=           1
     0.00000     0.00000     0.00000     0.00000     0.00000     0.00000
     0.00000     0.00000     0.00000     0.00000     0.00000     0.00000
     0.00000     0.00000     0.00000     0.00000     0.00000     0.00000
     0.00000     0.00000     0.00000     0.00000     0.00000     0.00000
     0.00000     0.00000     0.00000     0.00000     0.00000     0.00000
     0.00000     0.00000     0.00000     0.00000     0.00000     0.00000
 ----- matrix HH(iq2,iq1) ---- for J=           2
     0.00000    -0.00002    -0.00003    -0.00004    -0.00008    -0.00013
    -0.00002    -4.80899    -8.61496   -10.76019   -11.63804   -11.43581
    -0.00003    -8.61496   -15.79193   -20.47475   -22.91736   -23.36381
    -0.00004   -10.76019   -20.47475   -27.85227   -32.90365   -35.45818
    -0.00008   -11.63804   -22.91736   -32.90365   -41.49773   -47.73219
    -0.00013   -11.43581   -23.36381   -35.45818   -47.73219   -58.45382
 ----- matrix NN(iq2,iq1) ---- for J=           2
     0.00000    -0.00000    -0.00000    -0.00000    -0.00000    -0.00000
    -0.00000     0.03124     0.05605     0.07032     0.07538     0.07317
    -0.00000     0.05605     0.10306     0.13346     0.14837     0.14965
    -0.00000     0.07032     0.13346     0.18096     0.21272     0.22744
    -0.00000     0.07538     0.14837     0.21272     0.26761     0.30656
    -0.00000     0.07317     0.14965     0.22744     0.30656     0.37555
